0011111100000000110000001000000001001111111111
0111111110000001111000001100000011001111111111
1110000111000001111000001110000111001100000000
1100000011000011111100001111001111001100000000
1100000000000011001100001111111111001100000000
1100000000000011001100001101111011001100000000
1100000000000111001110001100110011001111100000
1100001111000110000110001100000011001111100000
1100001111000110000110001100000011001100000000
1100000011000111111110001100000011001100000000
1100000011001111111111001100000011001100000000
1100000011001100000011001100000011001100000000
1110000111001100000011001100000011001100000000
0111111110001100000011001100000011001111111111
0011111100001100000011001100000011001111111111
0000000000000000000000000000000000000000000000
0000000000000000000000000000000000000000000000
0011111100001100000011001111111111001111111100
0111111110001100000011001111111111001111111110
1110000111001100000011001100000000001100000111
1100000011001100000011001100000000001100000011
1100000011001110000111001100000000001100000011
1100000011000110000110001100000000001100000111
1100000011000110000110001111100000001111111110
1100000011000110000110001111100000001111111100
1100000011000111001110001100000000001111000000
1100000011000011001100001100000000001111100000
1100000011000011001100001100000000001101110000
1100000011000011111100001100000000001100111000
1110000111000001111000001100000000001100011100
0111111110000001111000001111111111001100001110
0011111100000000110000001111111111001100000111