0011111100001111111111000000110000001111111100001111111111
0111111110001111111111000001111000001111111110001111111111
1110000111000000110000000001111000001100000111000000110000
1100000011000000110000000011111100001100000011000000110000
1100000000000000110000000011001100001100000011000000110000
1110000000000000110000000011001100001100000111000000110000
0111110000000000110000000111001110001111111110000000110000
0011111100000000110000000110000110001111111100000000110000
0000111110000000110000000110000110001111000000000000110000
0000000111000000110000000111111110001111100000000000110000
0000000011000000110000001111111111001101110000000000110000
1100000011000000110000001100000011001100111000000000110000
1110000111000000110000001100000011001100011100000000110000
0111111110000000110000001100000011001100001110000000110000
0011111100000000110000001100000011001100000111000000110000